# plot colors
universal_colors_10 <- c(
    "#9e0142", "#ff595e", "#ff924c", "#f0be39", "#babb74",
    "#8ac926", "#2a9d8f", "#264653", "#1982c4", "#565aa0"
)

universal_colors_20 <- c(
    "#9e0142", "#d70e17", "#ff595e", "#e76f51", "#ff924c",
    "#efb366", "#ffca3a", "#e9c46a", "#c5ca30", "#babb74",
    "#8ac926", "#8ab17d", "#2a9d8f", "#287271", "#264653",
    "#36949d", "#1982c4", "#4267ac", "#565aa0", "#6a4c93"
)

universal_colors_25 <- c(
    "#9e0142", "#d70e17", "#ff595e", "#e76f51", "#ff924c",
    "#efb366", "#ffca3a", "#e9c46a", "#c5ca30", "#babb74",
    "#8ac926", "#8ab17d", "#2a9d8f", "#287271", "#264653",
    "#36949d", "#1982c4", "#4267ac", "#565aa0", "#6a4c93",
    "#030505", "#c4c4c5", "#969898", "#676767", "#3a3b3b"
)

prod_col_2 <- c("#d7191c", "#2c7bb6")
prod_col_3 <- c("#2c7bb6", "#ffca3a", "#d7191c")

stage_col <- c("#e66101", "#5e3c99")
probiotic_col <- c("#e9c46a", "#2c7bb6")

country_col <- universal_colors_10[c(1, 2, 4, 6, 9, 10)]

stage_performance_col <- c("#fdb863", "#e66101", "#b2abd2", "#5e3c99")
